{
  "camera_angle_x": 1.2014513639735962,
  "camera_angle_y": 0.7375125352533201,
  "fl_x": 2918.844433980368,
  "fl_y": 2911.2419465118205,
  "k1": 0.05161644365129682,
  "k2": -0.05137845305732919,
  "k3": 0,
  "k4": 0,
  "p1": -0.0001252756168132962,
  "p2": 0.0006347962569695214,
  "is_fisheye": false,
  "cx": 2004.797646477822,
  "cy": 1057.350378831252,
  "w": 4000.0,
  "h": 2250.0,
  "aabb_scale": 32,
  "frames": [
    {
      "file_path": "./single_drone/cam00/drone1_2024-07-19_15-28-28-321.png",
      "sharpness": 1509.897825219885,
      "transform_matrix": [
        [
          -0.30252701410163646,
          -0.6975590621976894,
          0.6495296456433827,
          2.684173552069638
        ],
        [
          0.9529673781830204,
          -0.23436447943043803,
          0.19216260536490867,
          1.1082104268386854
        ],
        [
          0.018181910488037963,
          0.6771149426839576,
          0.7356526168039131,
          2.842852929829487
        ],
        [
          0.0,
          0.0,
          0.0,
          1.0
        ]
      ]
    },
    {
      "file_path": "./single_drone/cam00/drone1_2024-07-19_15-28-09-031.png",
      "sharpness": 1524.6629404692715,
      "transform_matrix": [
        [
          -0.581665890901522,
          -0.5989469240615626,
          0.5503883843286679,
          2.058955285678287
        ],
        [
          0.8134141806324707,
          -0.43220369702595746,
          0.3893036540073189,
          1.9632575578388158
        ],
        [
          0.004707668413383441,
          0.6741383734077177,
          0.7385900699594096,
          2.8622147062547305
        ],
        [
          0.0,
          0.0,
          0.0,
          1.0
        ]
      ]
    },
    {
      "file_path": "./single_drone/cam00/drone1_2024-07-19_15-27-49-849.png",
      "sharpness": 1204.6032604048876,
      "transform_matrix": [
        [
          -0.9587576160834069,
          -0.22053505941784485,
          0.17929897170541667,
          0.405181547954368
        ],
        [
          0.28307301004541563,
          -0.6841630171907063,
          0.6721537301039745,
          2.8193188312559547
        ],
        [
          -0.025563737345237012,
          0.6951872075347567,
          0.7183740264641466,
          2.8495304817032485
        ],
        [
          0.0,
          0.0,
          0.0,
          1.0
        ]
      ]
    },
    {
      "file_path": "./single_drone/cam00/drone1_2024-07-19_15-27-31-172.png",
      "sharpness": 1204.6032604048876,
      "transform_matrix": [
        [
          -0.958757616083407,
          -0.22053505941784418,
          0.1792989717054163,
          0.40518154795436534
        ],
        [
          0.2830730100454149,
          -0.6841630171907063,
          0.6721537301039746,
          2.8193188312559534
        ],
        [
          -0.025563737345236957,
          0.6951872075347567,
          0.7183740264641464,
          2.849530481703246
        ],
        [
          0.0,
          0.0,
          0.0,
          1.0
        ]
      ]
    },
    {
      "file_path": "./single_drone/cam00/drone1_2024-07-19_15-27-11-628.png",
      "sharpness": 1175.0508018491114,
      "transform_matrix": [
        [
          -0.9982793904333244,
          0.007937958546823989,
          -0.0580968805975707,
          -0.4389350672296064
        ],
        [
          -0.0464627770946883,
          -0.711491270807353,
          0.7011571734710672,
          2.774252295753491
        ],
        [
          -0.0357696668284869,
          0.7026500981437516,
          0.710635891718744,
          2.816047625314269
        ],
        [
          0.0,
          0.0,
          0.0,
          1.0
        ]
      ]
    },
    {
      "file_path": "./single_drone/cam00/drone1_2024-07-19_15-26-52-367.png",
      "sharpness": 976.7734407317437,
      "transform_matrix": [
        [
          -0.5226260375372646,
          0.5755902784224439,
          -0.6289339046025904,
          -2.6488400380560506
        ],
        [
          -0.8515495952480215,
          -0.38836227617226127,
          0.35219033104215086,
          1.0643402348570117
        ],
        [
          -0.04153687205112546,
          0.7196322490735909,
          0.6931119061441902,
          2.679239656979303
        ],
        [
          0.0,
          0.0,
          0.0,
          1.0
        ]
      ]
    },
    {
      "file_path": "./single_drone/cam00/drone1_2024-07-19_15-30-44-885.png",
      "sharpness": 1404.8290386225653,
      "transform_matrix": [
        [
          0.9928560401139059,
          0.051389279079906904,
          -0.10768484429097337,
          -0.21980160297240392
        ],
        [
          -0.1136610052142958,
          0.6819426054025876,
          -0.7225202134409499,
          -2.8006882699465616
        ],
        [
          0.03630509038876752,
          0.7295981256676927,
          0.6829117919024336,
          2.852034314100891
        ],
        [
          0.0,
          0.0,
          0.0,
          1.0
        ]
      ]
    },
    {
      "file_path": "./single_drone/cam00/drone1_2024-07-19_15-26-15-575.png",
      "sharpness": 751.5686046570617,
      "transform_matrix": [
        [
          -0.23899247980551191,
          0.6592176318830296,
          -0.7129619263999527,
          -2.8249839056291335
        ],
        [
          -0.9704950764360928,
          -0.18633391187714488,
          0.15303261057111925,
          0.3317136167890148
        ],
        [
          -0.03196718962399713,
          0.7284996823490494,
          0.6842998697137218,
          2.644297812558809
        ],
        [
          0.0,
          0.0,
          0.0,
          1.0
        ]
      ]
    },
    {
      "file_path": "./single_drone/cam00/drone1_2024-07-19_15-30-29-645.png",
      "sharpness": 1413.0920071697803,
      "transform_matrix": [
        [
          0.9745491238745366,
          -0.18317696710190967,
          0.12922926899007323,
          0.70452669942989
        ],
        [
          0.21984515291621373,
          0.6682052033322763,
          -0.7107530618852566,
          -2.6562665028711194
        ],
        [
          0.043841920272543855,
          0.7210742021537944,
          0.6914693638191243,
          2.9288052670421765
        ],
        [
          0.0,
          0.0,
          0.0,
          1.0
        ]
      ]
    },
    {
      "file_path": "./single_drone/cam00/drone1_2024-07-19_15-25-56-285.png",
      "sharpness": 751.5686046570617,
      "transform_matrix": [
        [
          -0.2389918016940894,
          0.6592170217973596,
          -0.712962717805512,
          -2.8249861060304844
        ],
        [
          -0.9704952064883372,
          -0.18633413413470434,
          0.15303151518487693,
          0.33170834650851894
        ],
        [
          -0.031968311011303645,
          0.7285001775651567,
          0.6842992901238164,
          2.644294022425079
        ],
        [
          0.0,
          0.0,
          0.0,
          1.0
        ]
      ]
    },
    {
      "file_path": "./single_drone/cam00/drone1_2024-07-19_15-30-09-299.png",
      "sharpness": 1169.0181756834613,
      "transform_matrix": [
        [
          0.8317475425718163,
          -0.41777437409195156,
          0.36559622244056705,
          1.5044189145435882
        ],
        [
          0.5531438959722245,
          0.5676640101568895,
          -0.6097453582616412,
          -2.1549944013508644
        ],
        [
          0.04720016767440734,
          0.7093815221621951,
          0.703242490377035,
          2.9737686952960076
        ],
        [
          0.0,
          0.0,
          0.0,
          1.0
        ]
      ]
    },
    {
      "file_path": "./single_drone/cam00/drone1_2024-07-19_15-25-37-498.png",
      "sharpness": 1164.304921824544,
      "transform_matrix": [
        [
          0.09932127550159037,
          0.675202334231549,
          -0.7309152428058907,
          -2.868463023999292
        ],
        [
          -0.9948606261721752,
          0.05284834955099645,
          -0.08636773959293202,
          -0.6871486813643745
        ],
        [
          -0.019688035131493104,
          0.7357369501952153,
          0.6769811825120721,
          2.674081897467531
        ],
        [
          0.0,
          0.0,
          0.0,
          1.0
        ]
      ]
    },
    {
      "file_path": "./single_drone/cam00/drone1_2024-07-19_15-29-49-566.png",
      "sharpness": 1491.4763715514337,
      "transform_matrix": [
        [
          0.6374089322833919,
          -0.5694406448977809,
          0.5190830425555583,
          2.431400056409693
        ],
        [
          0.7691829537299556,
          0.430488829934151,
          -0.47226788054401525,
          -1.7898443506447812
        ],
        [
          0.04546907483309094,
          0.7002975933933177,
          0.7124014626646198,
          3.004032612601525
        ],
        [
          0.0,
          0.0,
          0.0,
          1.0
        ]
      ]
    },
    {
      "file_path": "./single_drone/cam00/drone1_2024-07-19_15-25-18-442.png",
      "sharpness": 1005.3294702968527,
      "transform_matrix": [
        [
          0.4288926695419499,
          0.6094498946473743,
          -0.6667997480596959,
          -2.5555340446431383
        ],
        [
          -0.9033377289317228,
          0.28472321238795834,
          -0.32080155831340423,
          -1.5449719407791087
        ],
        [
          -0.005659109629779762,
          0.739934806802744,
          0.6726547823700679,
          2.6759907893997874
        ],
        [
          0.0,
          0.0,
          0.0,
          1.0
        ]
      ]
    },
    {
      "file_path": "./single_drone/cam00/drone1_2024-07-19_15-29-29-101.png",
      "sharpness": 1241.0082384352993,
      "transform_matrix": [
        [
          0.016876710983904503,
          -0.7307980213694198,
          0.6823851029102971,
          2.6845251674918225
        ],
        [
          0.9993654046736147,
          -0.00908214544686222,
          -0.034442743444364154,
          0.0404293994134865
        ],
        [
          0.031368209515079244,
          0.6825333447397983,
          0.7301809836167067,
          2.8179653576986143
        ],
        [
          0.0,
          0.0,
          0.0,
          1.0
        ]
      ]
    },
    {
      "file_path": "./single_drone/cam00/drone1_2024-07-19_15-24-59-195.png",
      "sharpness": 1121.944842542023,
      "transform_matrix": [
        [
          0.9014405710117556,
          0.2779850623187885,
          -0.33185720143852354,
          -1.040983078557581
        ],
        [
          -0.43243020335735893,
          0.6140337028495622,
          -0.6602777680563824,
          -2.88088249978613
        ],
        [
          0.020224149715725424,
          0.7387062453667778,
          0.6737240287459942,
          2.759050886210479
        ],
        [
          0.0,
          0.0,
          0.0,
          1.0
        ]
      ]
    },
    {
      "file_path": "./single_drone/cam00/drone1_2024-07-19_15-29-09-865.png",
      "sharpness": 1241.0082384352993,
      "transform_matrix": [
        [
          0.016876271545518826,
          -0.7307976569216181,
          0.6823855040822486,
          2.6845270997676938
        ],
        [
          0.9993654315195397,
          -0.009082062315756778,
          -0.03444198641493497,
          0.04043314482253787
        ],
        [
          0.03136759064320478,
          0.6825337360651406,
          0.7301806444131075,
          2.8179636429227735
        ],
        [
          0.0,
          0.0,
          0.0,
          1.0
        ]
      ]
    },
    {
      "file_path": "./single_drone/cam00/drone1_2024-07-19_15-24-40-770.png",
      "sharpness": 1121.944842542023,
      "transform_matrix": [
        [
          0.9014405732065476,
          0.27798557730448786,
          -0.3318567640906705,
          -1.0409806465387372
        ],
        [
          -0.432430244703961,
          0.6140330577205403,
          -0.6602783409229664,
          -2.880884768849893
        ],
        [
          0.020223167796718143,
          0.7387065878198608,
          0.6737236827373249,
          2.759050298460999
        ],
        [
          0.0,
          0.0,
          0.0,
          1.0
        ]
      ]
    },
    {
      "file_path": "./single_drone/cam00/drone1_2024-07-19_15-26-34-728.png",
      "sharpness": 976.7734407317437,
      "transform_matrix": [
        [
          -0.522625794680185,
          0.5755887307292825,
          -0.6289355228299223,
          -2.648841791806042
        ],
        [
          -0.8515498726391578,
          -0.3883589597099462,
          0.3521933174005309,
          1.0643511402930783
        ],
        [
          -0.04153424083695284,
          0.7196352767515664,
          0.6931089202846362,
          2.679225239935212
        ],
        [
          0.0,
          0.0,
          0.0,
          1.0
        ]
      ]
    }
  ]
}